   1.0000000e+00   3.0000000e+00   5.3228307e-01
   1.0000000e+00   4.0000000e+00   2.7939197e-01
   3.0000000e+00   5.0000000e+00   9.4623015e-01
   7.0000000e+00   6.0000000e+00   9.0644327e-01
   4.0000000e+00   7.0000000e+00   3.9268458e-01
   1.4000000e+01   7.0000000e+00   2.4855234e-02
   7.0000000e+00   8.0000000e+00   6.7143680e-01
   5.0000000e+00   9.0000000e+00   8.3717064e-01
   6.0000000e+00   9.0000000e+00   9.7149964e-01
   5.0000000e+00   1.0000000e+01   5.6932885e-02
   6.0000000e+00   1.0000000e+01   4.5032381e-01
   8.0000000e+00   1.1000000e+01   5.8247030e-01
   9.0000000e+00   1.1000000e+01   6.8663781e-01
   1.2000000e+01   1.1000000e+01   7.1943275e-01
   1.3000000e+01   1.2000000e+01   6.5004075e-01
   1.6000000e+01   1.2000000e+01   7.2691455e-01
   4.0000000e+00   1.3000000e+01   3.7384767e-01
   1.4000000e+01   1.3000000e+01   5.8158208e-01
   2.0000000e+00   1.4000000e+01   1.1611851e-01
   2.0000000e+00   1.5000000e+01   5.7654361e-02
   1.5000000e+01   1.6000000e+01   9.7976522e-01
   1.5000000e+01   1.7000000e+01   2.8482373e-01
   1.7000000e+01   1.8000000e+01   5.9497430e-01
   1.7000000e+01   1.9000000e+01   9.6216103e-01
   1.7000000e+01   2.0000000e+01   1.8577826e-01
   2.0000000e+01   2.1000000e+01   1.9303982e-01
   1.8000000e+01   2.2000000e+01   3.4164410e-01
   2.4000000e+01   2.2000000e+01   9.3289790e-01
   1.8000000e+01   2.3000000e+01   3.9066754e-01
   2.4000000e+01   2.3000000e+01   2.7321671e-01
   1.3000000e+01   2.4000000e+01   1.5194708e-01
   1.6000000e+01   2.4000000e+01   3.9710884e-01
   1.1000000e+01   2.5000000e+01   3.7472247e-01
   2.3000000e+01   2.5000000e+01   1.3111471e-01
   1.9000000e+01   2.6000000e+01   4.3504072e-01
   2.1000000e+01   2.6000000e+01   9.1513167e-02
   2.2000000e+01   2.6000000e+01   6.1462696e-01
   1.0000000e+01   2.7000000e+01   0
   2.5000000e+01   2.7000000e+01   0
   2.6000000e+01   2.7000000e+01   0
