   1.0000000e+00   1.0000000e+00   7.2890000e+03
   2.0000000e+00   1.0000000e+00   7.2890000e+03
   3.0000000e+00   1.0000000e+00   7.2890000e+03
   4.0000000e+00   1.0000000e+00   7.2890000e+03
   5.0000000e+00   1.0000000e+00   7.2890000e+03
   6.0000000e+00   1.0000000e+00   7.2890000e+03
   7.0000000e+00   1.0000000e+00   7.2890000e+03
   8.0000000e+00   1.0000000e+00   7.2890000e+03
   9.0000000e+00   1.0000000e+00   7.2890000e+03
   1.0000000e+01   1.0000000e+00   7.2890000e+03
   1.0000000e+00   2.0000000e+00   5.9000000e+01
   2.0000000e+00   2.0000000e+00   5.9000000e+01
   3.0000000e+00   2.0000000e+00   5.9000000e+01
   4.0000000e+00   2.0000000e+00   5.9000000e+01
   5.0000000e+00   2.0000000e+00   5.9000000e+01
   6.0000000e+00   2.0000000e+00   5.9000000e+01
   7.0000000e+00   2.0000000e+00   5.9000000e+01
   8.0000000e+00   2.0000000e+00   5.9000000e+01
   9.0000000e+00   2.0000000e+00   5.9000000e+01
   1.0000000e+01   2.0000000e+00   5.9000000e+01
   1.0000000e+00   3.0000000e+00   6.0000000e+01
   2.0000000e+00   3.0000000e+00   6.0000000e+01
   3.0000000e+00   3.0000000e+00   6.0000000e+01
   4.0000000e+00   3.0000000e+00   6.0000000e+01
   5.0000000e+00   3.0000000e+00   6.0000000e+01
   6.0000000e+00   3.0000000e+00   6.0000000e+01
   7.0000000e+00   3.0000000e+00   6.0000000e+01
   8.0000000e+00   3.0000000e+00   6.0000000e+01
   9.0000000e+00   3.0000000e+00   6.0000000e+01
   1.0000000e+01   3.0000000e+00   3.4220000e+03
   1.0000000e+00   4.0000000e+00   4.6110000e+03
   2.0000000e+00   4.0000000e+00   4.6110000e+03
   3.0000000e+00   4.0000000e+00   5.8000000e+01
   4.0000000e+00   4.0000000e+00   4.6110000e+03
   5.0000000e+00   4.0000000e+00   4.6110000e+03
   6.0000000e+00   4.0000000e+00   4.6110000e+03
   7.0000000e+00   4.0000000e+00   4.6110000e+03
   8.0000000e+00   4.0000000e+00   4.6110000e+03
   9.0000000e+00   4.0000000e+00   4.6110000e+03
   1.0000000e+01   4.0000000e+00   3.4210000e+03
   1.0000000e+00   5.0000000e+00   6.4560000e+03
   2.0000000e+00   5.0000000e+00   6.4560000e+03
   3.0000000e+00   5.0000000e+00   3.4170000e+03
   4.0000000e+00   5.0000000e+00   6.4560000e+03
   5.0000000e+00   5.0000000e+00   6.4560000e+03
   6.0000000e+00   5.0000000e+00   6.4560000e+03
   7.0000000e+00   5.0000000e+00   6.4560000e+03
   8.0000000e+00   5.0000000e+00   6.4560000e+03
   9.0000000e+00   5.0000000e+00   6.4560000e+03
   1.0000000e+01   5.0000000e+00   6.0000000e+01
   1.0000000e+00   6.0000000e+00   6.4540000e+03
   2.0000000e+00   6.0000000e+00   6.4540000e+03
   3.0000000e+00   6.0000000e+00   6.4540000e+03
   4.0000000e+00   6.0000000e+00   6.4540000e+03
   5.0000000e+00   6.0000000e+00   6.4540000e+03
   6.0000000e+00   6.0000000e+00   6.4540000e+03
   7.0000000e+00   6.0000000e+00   6.4540000e+03
   8.0000000e+00   6.0000000e+00   6.4540000e+03
   9.0000000e+00   6.0000000e+00   6.4540000e+03
   1.0000000e+01   6.0000000e+00   5.8000000e+01
   1.0000000e+00   7.0000000e+00   4.6170000e+03
   2.0000000e+00   7.0000000e+00   4.6170000e+03
   3.0000000e+00   7.0000000e+00   4.6170000e+03
   4.0000000e+00   7.0000000e+00   4.6170000e+03
   5.0000000e+00   7.0000000e+00   4.6170000e+03
   6.0000000e+00   7.0000000e+00   4.6170000e+03
   7.0000000e+00   7.0000000e+00   4.6170000e+03
   8.0000000e+00   7.0000000e+00   4.6170000e+03
   9.0000000e+00   7.0000000e+00   4.6170000e+03
   1.0000000e+01   7.0000000e+00   3.4170000e+03
   1.0000000e+00   8.0000000e+00   3.5770000e+03
   2.0000000e+00   8.0000000e+00   3.5770000e+03
   3.0000000e+00   8.0000000e+00   3.5770000e+03
   4.0000000e+00   8.0000000e+00   3.5770000e+03
   5.0000000e+00   8.0000000e+00   3.5770000e+03
   6.0000000e+00   8.0000000e+00   3.5770000e+03
   7.0000000e+00   8.0000000e+00   3.5770000e+03
   8.0000000e+00   8.0000000e+00   3.5770000e+03
   9.0000000e+00   8.0000000e+00   3.5770000e+03
   1.0000000e+01   8.0000000e+00   6.4540000e+03
   1.0000000e+00   9.0000000e+00   4.5970000e+03
   2.0000000e+00   9.0000000e+00   4.5970000e+03
   3.0000000e+00   9.0000000e+00   4.5970000e+03
   4.0000000e+00   9.0000000e+00   4.5970000e+03
   5.0000000e+00   9.0000000e+00   4.5970000e+03
   6.0000000e+00   9.0000000e+00   4.5970000e+03
   7.0000000e+00   9.0000000e+00   4.5970000e+03
   8.0000000e+00   9.0000000e+00   4.5970000e+03
   9.0000000e+00   9.0000000e+00   4.5970000e+03
   1.0000000e+01   9.0000000e+00   4.6170000e+03
   1.0000000e+00   1.0000000e+01   5.2510000e+03
   2.0000000e+00   1.0000000e+01   5.2510000e+03
   3.0000000e+00   1.0000000e+01   5.2510000e+03
   4.0000000e+00   1.0000000e+01   5.2510000e+03
   5.0000000e+00   1.0000000e+01   5.2510000e+03
   6.0000000e+00   1.0000000e+01   5.2510000e+03
   7.0000000e+00   1.0000000e+01   5.2510000e+03
   8.0000000e+00   1.0000000e+01   5.2510000e+03
   9.0000000e+00   1.0000000e+01   5.2510000e+03
   1.0000000e+01   1.0000000e+01   3.5770000e+03
   1.0000000e+00   1.1000000e+01   2.8860000e+03
   2.0000000e+00   1.1000000e+01   2.8860000e+03
   3.0000000e+00   1.1000000e+01   2.8860000e+03
   4.0000000e+00   1.1000000e+01   2.8860000e+03
   5.0000000e+00   1.1000000e+01   2.8860000e+03
   6.0000000e+00   1.1000000e+01   2.8860000e+03
   7.0000000e+00   1.1000000e+01   2.8860000e+03
   8.0000000e+00   1.1000000e+01   2.8860000e+03
   9.0000000e+00   1.1000000e+01   2.8860000e+03
   1.0000000e+01   1.1000000e+01   4.5970000e+03
   1.0000000e+00   1.2000000e+01   2.8880000e+03
   2.0000000e+00   1.2000000e+01   2.8880000e+03
   3.0000000e+00   1.2000000e+01   2.8880000e+03
   4.0000000e+00   1.2000000e+01   2.8880000e+03
   5.0000000e+00   1.2000000e+01   2.8880000e+03
   6.0000000e+00   1.2000000e+01   2.8880000e+03
   7.0000000e+00   1.2000000e+01   2.8880000e+03
   8.0000000e+00   1.2000000e+01   2.8880000e+03
   9.0000000e+00   1.2000000e+01   2.8880000e+03
   1.0000000e+01   1.2000000e+01   5.2510000e+03
   1.0000000e+00   1.3000000e+01   4.8020000e+03
   2.0000000e+00   1.3000000e+01   4.8020000e+03
   3.0000000e+00   1.3000000e+01   4.8020000e+03
   4.0000000e+00   1.3000000e+01   4.8020000e+03
   5.0000000e+00   1.3000000e+01   4.8020000e+03
   6.0000000e+00   1.3000000e+01   4.8020000e+03
   7.0000000e+00   1.3000000e+01   4.8020000e+03
   8.0000000e+00   1.3000000e+01   4.8020000e+03
   9.0000000e+00   1.3000000e+01   4.8020000e+03
   1.0000000e+01   1.3000000e+01   2.8860000e+03
   1.0000000e+00   1.4000000e+01   9.8700000e+02
   2.0000000e+00   1.4000000e+01   9.8700000e+02
   3.0000000e+00   1.4000000e+01   9.8700000e+02
   4.0000000e+00   1.4000000e+01   9.8700000e+02
   5.0000000e+00   1.4000000e+01   9.8700000e+02
   6.0000000e+00   1.4000000e+01   9.8700000e+02
   7.0000000e+00   1.4000000e+01   9.8700000e+02
   8.0000000e+00   1.4000000e+01   9.8700000e+02
   9.0000000e+00   1.4000000e+01   9.8700000e+02
   1.0000000e+01   1.4000000e+01   2.8880000e+03
   1.0000000e+00   1.5000000e+01   9.8500000e+02
   2.0000000e+00   1.5000000e+01   9.8500000e+02
   3.0000000e+00   1.5000000e+01   9.8500000e+02
   4.0000000e+00   1.5000000e+01   9.8500000e+02
   5.0000000e+00   1.5000000e+01   9.8500000e+02
   6.0000000e+00   1.5000000e+01   9.8500000e+02
   7.0000000e+00   1.5000000e+01   9.8500000e+02
   8.0000000e+00   1.5000000e+01   9.8500000e+02
   9.0000000e+00   1.5000000e+01   9.8500000e+02
   1.0000000e+01   1.5000000e+01   4.8020000e+03
   1.0000000e+00   1.6000000e+01   9.8300000e+02
   2.0000000e+00   1.6000000e+01   9.8300000e+02
   3.0000000e+00   1.6000000e+01   9.8300000e+02
   4.0000000e+00   1.6000000e+01   9.8300000e+02
   5.0000000e+00   1.6000000e+01   9.8300000e+02
   6.0000000e+00   1.6000000e+01   9.8300000e+02
   7.0000000e+00   1.6000000e+01   9.8300000e+02
   8.0000000e+00   1.6000000e+01   9.8300000e+02
   9.0000000e+00   1.6000000e+01   9.8300000e+02
   1.0000000e+01   1.6000000e+01   9.8700000e+02
   1.0000000e+00   1.7000000e+01   9.8100000e+02
   2.0000000e+00   1.7000000e+01   9.8100000e+02
   3.0000000e+00   1.7000000e+01   9.8100000e+02
   4.0000000e+00   1.7000000e+01   9.8100000e+02
   5.0000000e+00   1.7000000e+01   9.8100000e+02
   6.0000000e+00   1.7000000e+01   9.8100000e+02
   7.0000000e+00   1.7000000e+01   9.8100000e+02
   8.0000000e+00   1.7000000e+01   9.8100000e+02
   9.0000000e+00   1.7000000e+01   9.8100000e+02
   1.0000000e+01   1.7000000e+01   9.8500000e+02
   1.0000000e+00   1.8000000e+01   5.7800000e+03
   2.0000000e+00   1.8000000e+01   5.7800000e+03
   3.0000000e+00   1.8000000e+01   5.7800000e+03
   4.0000000e+00   1.8000000e+01   5.7800000e+03
   5.0000000e+00   1.8000000e+01   5.7800000e+03
   6.0000000e+00   1.8000000e+01   5.7800000e+03
   7.0000000e+00   1.8000000e+01   5.7800000e+03
   8.0000000e+00   1.8000000e+01   5.7800000e+03
   9.0000000e+00   1.8000000e+01   5.7800000e+03
   1.0000000e+01   1.8000000e+01   9.8300000e+02
   1.0000000e+00   1.9000000e+01   5.7820000e+03
   2.0000000e+00   1.9000000e+01   5.7820000e+03
   3.0000000e+00   1.9000000e+01   5.7820000e+03
   4.0000000e+00   1.9000000e+01   5.7820000e+03
   5.0000000e+00   1.9000000e+01   5.7820000e+03
   6.0000000e+00   1.9000000e+01   5.7820000e+03
   7.0000000e+00   1.9000000e+01   5.7820000e+03
   8.0000000e+00   1.9000000e+01   5.7820000e+03
   9.0000000e+00   1.9000000e+01   5.7820000e+03
   1.0000000e+01   1.9000000e+01   9.8100000e+02
   1.0000000e+00   2.0000000e+01   2.6330000e+03
   2.0000000e+00   2.0000000e+01   2.6330000e+03
   3.0000000e+00   2.0000000e+01   2.6330000e+03
   4.0000000e+00   2.0000000e+01   2.6330000e+03
   5.0000000e+00   2.0000000e+01   2.6330000e+03
   6.0000000e+00   2.0000000e+01   2.6330000e+03
   7.0000000e+00   2.0000000e+01   2.6330000e+03
   8.0000000e+00   2.0000000e+01   2.6330000e+03
   9.0000000e+00   2.0000000e+01   2.6330000e+03
   1.0000000e+01   2.0000000e+01   5.7800000e+03
   1.0000000e+00   2.1000000e+01   2.6430000e+03
   2.0000000e+00   2.1000000e+01   2.6430000e+03
   3.0000000e+00   2.1000000e+01   2.6430000e+03
   4.0000000e+00   2.1000000e+01   2.6430000e+03
   5.0000000e+00   2.1000000e+01   2.6430000e+03
   6.0000000e+00   2.1000000e+01   2.6430000e+03
   7.0000000e+00   2.1000000e+01   2.6430000e+03
   8.0000000e+00   2.1000000e+01   2.6430000e+03
   9.0000000e+00   2.1000000e+01   2.6430000e+03
   1.0000000e+01   2.1000000e+01   5.7820000e+03
   1.0000000e+00   2.2000000e+01   6.4670000e+03
   2.0000000e+00   2.2000000e+01   6.4670000e+03
   3.0000000e+00   2.2000000e+01   6.4670000e+03
   4.0000000e+00   2.2000000e+01   6.4670000e+03
   5.0000000e+00   2.2000000e+01   6.4670000e+03
   6.0000000e+00   2.2000000e+01   6.4670000e+03
   7.0000000e+00   2.2000000e+01   6.4670000e+03
   8.0000000e+00   2.2000000e+01   6.4670000e+03
   9.0000000e+00   2.2000000e+01   6.4670000e+03
   1.0000000e+01   2.2000000e+01   2.6330000e+03
   1.0000000e+00   2.3000000e+01   6.4660000e+03
   2.0000000e+00   2.3000000e+01   6.4660000e+03
   3.0000000e+00   2.3000000e+01   6.4660000e+03
   4.0000000e+00   2.3000000e+01   6.4660000e+03
   5.0000000e+00   2.3000000e+01   6.4660000e+03
   6.0000000e+00   2.3000000e+01   6.4660000e+03
   7.0000000e+00   2.3000000e+01   6.4660000e+03
   8.0000000e+00   2.3000000e+01   6.4660000e+03
   9.0000000e+00   2.3000000e+01   6.4660000e+03
   1.0000000e+01   2.3000000e+01   2.6430000e+03
   1.0000000e+00   2.4000000e+01   2.7490000e+03
   2.0000000e+00   2.4000000e+01   2.7490000e+03
   3.0000000e+00   2.4000000e+01   2.7490000e+03
   4.0000000e+00   2.4000000e+01   2.7490000e+03
   5.0000000e+00   2.4000000e+01   2.7490000e+03
   6.0000000e+00   2.4000000e+01   2.7490000e+03
   7.0000000e+00   2.4000000e+01   2.7490000e+03
   8.0000000e+00   2.4000000e+01   2.7490000e+03
   9.0000000e+00   2.4000000e+01   2.7490000e+03
   1.0000000e+01   2.4000000e+01   6.4670000e+03
   1.0000000e+00   2.5000000e+01   6.4650000e+03
   2.0000000e+00   2.5000000e+01   6.4650000e+03
   3.0000000e+00   2.5000000e+01   6.4650000e+03
   4.0000000e+00   2.5000000e+01   6.4650000e+03
   5.0000000e+00   2.5000000e+01   6.4650000e+03
   6.0000000e+00   2.5000000e+01   6.4650000e+03
   7.0000000e+00   2.5000000e+01   6.4650000e+03
   8.0000000e+00   2.5000000e+01   6.4650000e+03
   9.0000000e+00   2.5000000e+01   6.4650000e+03
   1.0000000e+01   2.5000000e+01   6.4660000e+03
   1.0000000e+00   2.6000000e+01   6.7470000e+03
   2.0000000e+00   2.6000000e+01   6.7470000e+03
   3.0000000e+00   2.6000000e+01   6.7470000e+03
   4.0000000e+00   2.6000000e+01   6.7470000e+03
   5.0000000e+00   2.6000000e+01   6.7470000e+03
   6.0000000e+00   2.6000000e+01   6.7470000e+03
   7.0000000e+00   2.6000000e+01   6.7470000e+03
   8.0000000e+00   2.6000000e+01   6.7470000e+03
   9.0000000e+00   2.6000000e+01   6.7470000e+03
   1.0000000e+01   2.6000000e+01   2.7490000e+03
   1.0000000e+00   2.7000000e+01   6.4640000e+03
   2.0000000e+00   2.7000000e+01   6.4640000e+03
   3.0000000e+00   2.7000000e+01   6.4640000e+03
   4.0000000e+00   2.7000000e+01   6.4640000e+03
   5.0000000e+00   2.7000000e+01   6.4640000e+03
   6.0000000e+00   2.7000000e+01   6.4640000e+03
   7.0000000e+00   2.7000000e+01   6.4640000e+03
   8.0000000e+00   2.7000000e+01   6.4640000e+03
   9.0000000e+00   2.7000000e+01   6.4640000e+03
   1.0000000e+01   2.7000000e+01   6.4650000e+03
   1.0000000e+00   2.8000000e+01   6.4630000e+03
   2.0000000e+00   2.8000000e+01   6.4630000e+03
   3.0000000e+00   2.8000000e+01   6.4630000e+03
   4.0000000e+00   2.8000000e+01   6.4630000e+03
   5.0000000e+00   2.8000000e+01   6.4630000e+03
   6.0000000e+00   2.8000000e+01   6.4630000e+03
   7.0000000e+00   2.8000000e+01   6.4630000e+03
   8.0000000e+00   2.8000000e+01   6.4630000e+03
   9.0000000e+00   2.8000000e+01   6.4630000e+03
   1.0000000e+01   2.8000000e+01   6.7470000e+03
   1.0000000e+00   2.9000000e+01   6.0340000e+03
   2.0000000e+00   2.9000000e+01   6.0340000e+03
   3.0000000e+00   2.9000000e+01   6.0340000e+03
   4.0000000e+00   2.9000000e+01   6.0340000e+03
   5.0000000e+00   2.9000000e+01   6.0340000e+03
   6.0000000e+00   2.9000000e+01   5.0670000e+03
   7.0000000e+00   2.9000000e+01   6.0340000e+03
   8.0000000e+00   2.9000000e+01   6.0340000e+03
   9.0000000e+00   2.9000000e+01   6.0340000e+03
   1.0000000e+01   2.9000000e+01   6.4640000e+03
   1.0000000e+00   3.0000000e+01   4.5420000e+03
   2.0000000e+00   3.0000000e+01   4.5420000e+03
   3.0000000e+00   3.0000000e+01   4.5420000e+03
   4.0000000e+00   3.0000000e+01   4.5420000e+03
   5.0000000e+00   3.0000000e+01   4.5420000e+03
   6.0000000e+00   3.0000000e+01   5.0660000e+03
   7.0000000e+00   3.0000000e+01   4.5420000e+03
   8.0000000e+00   3.0000000e+01   4.5420000e+03
   9.0000000e+00   3.0000000e+01   4.5420000e+03
   1.0000000e+01   3.0000000e+01   6.4630000e+03
   1.0000000e+00   3.1000000e+01   4.5400000e+03
   2.0000000e+00   3.1000000e+01   4.5400000e+03
   3.0000000e+00   3.1000000e+01   4.5400000e+03
   4.0000000e+00   3.1000000e+01   4.5400000e+03
   5.0000000e+00   3.1000000e+01   4.5400000e+03
   6.0000000e+00   3.1000000e+01   1.8090000e+03
   7.0000000e+00   3.1000000e+01   4.5400000e+03
   8.0000000e+00   3.1000000e+01   4.5400000e+03
   9.0000000e+00   3.1000000e+01   4.5400000e+03
   1.0000000e+01   3.1000000e+01   6.0340000e+03
   1.0000000e+00   3.2000000e+01   7.2130000e+03
   2.0000000e+00   3.2000000e+01   7.2130000e+03
   3.0000000e+00   3.2000000e+01   7.2130000e+03
   4.0000000e+00   3.2000000e+01   7.2130000e+03
   5.0000000e+00   3.2000000e+01   7.2130000e+03
   6.0000000e+00   3.2000000e+01   5.0680000e+03
   7.0000000e+00   3.2000000e+01   7.2130000e+03
   8.0000000e+00   3.2000000e+01   7.2130000e+03
   9.0000000e+00   3.2000000e+01   7.2130000e+03
   1.0000000e+01   3.2000000e+01   4.5420000e+03
   1.0000000e+00   3.3000000e+01   7.2110000e+03
   2.0000000e+00   3.3000000e+01   7.2110000e+03
   3.0000000e+00   3.3000000e+01   7.2110000e+03
   4.0000000e+00   3.3000000e+01   7.2110000e+03
   5.0000000e+00   3.3000000e+01   7.2110000e+03
   6.0000000e+00   3.3000000e+01   6.0340000e+03
   7.0000000e+00   3.3000000e+01   7.2110000e+03
   8.0000000e+00   3.3000000e+01   7.2110000e+03
   9.0000000e+00   3.3000000e+01   7.2110000e+03
   1.0000000e+01   3.3000000e+01   4.5400000e+03
   1.0000000e+00   3.4000000e+01   2.9200000e+02
   2.0000000e+00   3.4000000e+01   2.9200000e+02
   3.0000000e+00   3.4000000e+01   2.9200000e+02
   4.0000000e+00   3.4000000e+01   2.9200000e+02
   5.0000000e+00   3.4000000e+01   2.9200000e+02
   6.0000000e+00   3.4000000e+01   4.5420000e+03
   7.0000000e+00   3.4000000e+01   2.9200000e+02
   8.0000000e+00   3.4000000e+01   2.9200000e+02
   9.0000000e+00   3.4000000e+01   2.9200000e+02
   1.0000000e+01   3.4000000e+01   7.2130000e+03
   1.0000000e+00   3.5000000e+01   2.9000000e+02
   2.0000000e+00   3.5000000e+01   2.9000000e+02
   3.0000000e+00   3.5000000e+01   2.9000000e+02
   4.0000000e+00   3.5000000e+01   2.9000000e+02
   5.0000000e+00   3.5000000e+01   2.9000000e+02
   6.0000000e+00   3.5000000e+01   4.5400000e+03
   7.0000000e+00   3.5000000e+01   2.9000000e+02
   8.0000000e+00   3.5000000e+01   2.2160000e+03
   9.0000000e+00   3.5000000e+01   2.2160000e+03
   1.0000000e+01   3.5000000e+01   7.2110000e+03
   1.0000000e+00   3.6000000e+01   2.1990000e+03
   2.0000000e+00   3.6000000e+01   2.1990000e+03
   3.0000000e+00   3.6000000e+01   2.1990000e+03
   4.0000000e+00   3.6000000e+01   2.1990000e+03
   5.0000000e+00   3.6000000e+01   2.1990000e+03
   6.0000000e+00   3.6000000e+01   7.2130000e+03
   7.0000000e+00   3.6000000e+01   2.1990000e+03
   8.0000000e+00   3.6000000e+01   3.0130000e+03
   9.0000000e+00   3.6000000e+01   3.0130000e+03
   1.0000000e+01   3.6000000e+01   2.9200000e+02
   1.0000000e+00   3.7000000e+01   3.2000000e+01
   2.0000000e+00   3.7000000e+01   3.2000000e+01
   3.0000000e+00   3.7000000e+01   3.2000000e+01
   4.0000000e+00   3.7000000e+01   3.2000000e+01
   5.0000000e+00   3.7000000e+01   3.2000000e+01
   6.0000000e+00   3.7000000e+01   7.2110000e+03
   7.0000000e+00   3.7000000e+01   3.2000000e+01
   8.0000000e+00   3.7000000e+01   3.0120000e+03
   9.0000000e+00   3.7000000e+01   3.0120000e+03
   1.0000000e+01   3.7000000e+01   2.9000000e+02
   1.0000000e+00   3.8000000e+01   3.0000000e+01
   2.0000000e+00   3.8000000e+01   3.0000000e+01
   3.0000000e+00   3.8000000e+01   3.0000000e+01
   4.0000000e+00   3.8000000e+01   3.0000000e+01
   5.0000000e+00   3.8000000e+01   3.0000000e+01
   6.0000000e+00   3.8000000e+01   2.9200000e+02
   7.0000000e+00   3.8000000e+01   3.0000000e+01
   8.0000000e+00   3.8000000e+01   3.5600000e+03
   9.0000000e+00   3.8000000e+01   3.5600000e+03
   1.0000000e+01   3.8000000e+01   2.1990000e+03
   1.0000000e+00   3.9000000e+01   7.1250000e+03
   2.0000000e+00   3.9000000e+01   7.1250000e+03
   3.0000000e+00   3.9000000e+01   7.1250000e+03
   4.0000000e+00   3.9000000e+01   7.1250000e+03
   5.0000000e+00   3.9000000e+01   7.1250000e+03
   6.0000000e+00   3.9000000e+01   2.9000000e+02
   7.0000000e+00   3.9000000e+01   7.1250000e+03
   8.0000000e+00   3.9000000e+01   8.8300000e+02
   9.0000000e+00   3.9000000e+01   8.8300000e+02
   1.0000000e+01   3.9000000e+01   3.2000000e+01
   1.0000000e+00   4.0000000e+01   2.8000000e+01
   2.0000000e+00   4.0000000e+01   2.8000000e+01
   3.0000000e+00   4.0000000e+01   2.8000000e+01
   4.0000000e+00   4.0000000e+01   2.8000000e+01
   5.0000000e+00   4.0000000e+01   2.8000000e+01
   6.0000000e+00   4.0000000e+01   2.1990000e+03
   7.0000000e+00   4.0000000e+01   2.8000000e+01
   8.0000000e+00   4.0000000e+01   2.2120000e+03
   9.0000000e+00   4.0000000e+01   2.2120000e+03
   1.0000000e+01   4.0000000e+01   3.0000000e+01
   1.0000000e+00   4.1000000e+01   5.2600000e+02
   2.0000000e+00   4.1000000e+01   5.2600000e+02
   3.0000000e+00   4.1000000e+01   5.2600000e+02
   4.0000000e+00   4.1000000e+01   5.2600000e+02
   5.0000000e+00   4.1000000e+01   5.2600000e+02
   6.0000000e+00   4.1000000e+01   3.2000000e+01
   7.0000000e+00   4.1000000e+01   5.2600000e+02
   8.0000000e+00   4.1000000e+01   8.0000000e+00
   9.0000000e+00   4.1000000e+01   8.0000000e+00
   1.0000000e+01   4.1000000e+01   7.1250000e+03
   1.0000000e+00   4.2000000e+01   1.0590000e+03
   2.0000000e+00   4.2000000e+01   1.0590000e+03
   3.0000000e+00   4.2000000e+01   1.0590000e+03
   4.0000000e+00   4.2000000e+01   1.0590000e+03
   5.0000000e+00   4.2000000e+01   1.0590000e+03
   6.0000000e+00   4.2000000e+01   3.0000000e+01
   7.0000000e+00   4.2000000e+01   1.0590000e+03
   8.0000000e+00   4.2000000e+01   6.0000000e+00
   9.0000000e+00   4.2000000e+01   6.0000000e+00
   1.0000000e+01   4.2000000e+01   2.8000000e+01
   1.0000000e+00   4.3000000e+01   1.0560000e+03
   2.0000000e+00   4.3000000e+01   1.0560000e+03
   3.0000000e+00   4.3000000e+01   1.0560000e+03
   4.0000000e+00   4.3000000e+01   1.0560000e+03
   5.0000000e+00   4.3000000e+01   1.0560000e+03
   6.0000000e+00   4.3000000e+01   7.1250000e+03
   7.0000000e+00   4.3000000e+01   1.0560000e+03
   8.0000000e+00   4.3000000e+01   1.0560000e+03
   9.0000000e+00   4.3000000e+01   1.0560000e+03
   1.0000000e+01   4.3000000e+01   5.2600000e+02
   1.0000000e+00   4.4000000e+01   2.2100000e+03
   2.0000000e+00   4.4000000e+01   2.2100000e+03
   3.0000000e+00   4.4000000e+01   2.2100000e+03
   4.0000000e+00   4.4000000e+01   2.2100000e+03
   5.0000000e+00   4.4000000e+01   2.2100000e+03
   6.0000000e+00   4.4000000e+01   2.8000000e+01
   7.0000000e+00   4.4000000e+01   2.2100000e+03
   8.0000000e+00   4.4000000e+01   2.2100000e+03
   9.0000000e+00   4.4000000e+01   2.2100000e+03
   1.0000000e+01   4.4000000e+01   1.0590000e+03
   1.0000000e+00   4.5000000e+01   1.0000000e+01
   2.0000000e+00   4.5000000e+01   1.0000000e+01
   3.0000000e+00   4.5000000e+01   1.0000000e+01
   4.0000000e+00   4.5000000e+01   1.0000000e+01
   5.0000000e+00   4.5000000e+01   1.0000000e+01
   6.0000000e+00   4.5000000e+01   4.8500000e+03
   7.0000000e+00   4.5000000e+01   1.0000000e+01
   8.0000000e+00   4.5000000e+01   1.0000000e+01
   9.0000000e+00   4.5000000e+01   1.0000000e+01
   1.0000000e+01   4.5000000e+01   1.0560000e+03
   1.0000000e+00   4.6000000e+01   7.2890000e+03
   2.0000000e+00   4.6000000e+01   7.2890000e+03
   3.0000000e+00   4.6000000e+01   7.2890000e+03
   4.0000000e+00   4.6000000e+01   7.2890000e+03
   5.0000000e+00   4.6000000e+01   7.2890000e+03
   6.0000000e+00   4.6000000e+01   4.5310000e+03
   7.0000000e+00   4.6000000e+01   7.2890000e+03
   8.0000000e+00   4.6000000e+01   7.2890000e+03
   9.0000000e+00   4.6000000e+01   7.2890000e+03
   1.0000000e+01   4.6000000e+01   2.2100000e+03
   6.0000000e+00   4.7000000e+01   1.6430000e+03
   1.0000000e+01   4.7000000e+01   1.0000000e+01
   6.0000000e+00   4.8000000e+01   9.2900000e+02
   1.0000000e+01   4.8000000e+01   7.2890000e+03
   6.0000000e+00   4.9000000e+01   2.2140000e+03
   6.0000000e+00   5.0000000e+01   2.2100000e+03
   6.0000000e+00   5.1000000e+01   1.0000000e+01
   6.0000000e+00   5.2000000e+01   7.2890000e+03
